eval_accuracy = 0.6113902847571189
eval_loss = 1.0634608996663502
global_step = 6316
loss = 0.5606238237694803
