eval_accuracy = 0.5899497487437186
eval_loss = 1.4246491718798238
global_step = 9474
loss = 0.276023052631113
