eval_accuracy = 0.6020100502512563
eval_loss = 1.8056284833679543
global_step = 18948
loss = 0.24883452134345205
