eval_accuracy = 0.5912897822445561
eval_loss = 1.1090746123522999
global_step = 6316
loss = 0.5562917108566721
